4294967293,131
4294967293,130
4294967293,129
4294967293,128
4294967293,127
4294967293,126
4294967293,125
4294967293,124
4294967293,123
4294967293,122
4294967293,121
4294967293,120
4294967293,119
4294967293,118
4294967293,117
4294967293,116
4294967293,115
4294967293,114
4294967293,113
4294967293,112
4294967293,111
4294967293,110
4294967293,109
4294967293,108
4294967293,107
4294967293,106
4294967293,105
4294967293,104
4294967293,103
4294967293,102
4294967293,101
4294967293,100
4294967293,99
4294967293,98
4294967293,97
4294967293,96
4294967293,95
4294967293,94
4294967293,93
4294967293,92
4294967293,91
4294967293,90
4294967293,89
4294967293,87
4294967293,86
4294967293,85
4294967293,84
4294967293,83
4294967293,82
4294967293,81
4294967293,80
4294967293,79
4294967293,78
4294967293,77
4294967293,76
4294967293,75
4294967293,74
4294967293,73
4294967293,72
4294967293,71
4294967293,70
4294967293,69
4294967293,68
4294967293,67
4294967293,66
4294967293,65
4294967293,64
4294967293,63
4294967293,62
4294967293,61
4294967293,60
4294967293,59
4294967293,58
4294967293,57
4294967293,56
4294967293,55
4294967293,54
4294967293,53
4294967293,52
4294967293,51
4294967293,50
4294967293,49
4294967293,48
4294967293,47
4294967293,46
4294967293,45
4294967293,44
4294967293,43
4294967293,42
4294967293,41
4294967293,40
4294967293,39
4294967293,38
4294967293,37
4294967293,36
4294967293,35
4294967293,34
4294967293,33
4294967293,32
4294967293,31
4294967293,30
4294967293,29
4294967293,28
4294967293,27
4294967293,26
4294967293,25
4294967293,24
4294967293,23
4294967293,22
4294967293,21
4294967293,20
4294967293,19
4294967293,18
4294967293,17
4294967293,16
4294967293,15
4294967293,14
4294967293,13
4294967293,12
4294967293,11
4294967293,10
4294967293,9
4294967293,8
4294967293,7
4294967293,6
4294967293,5
4294967293,4
4294967293,3
4294967278,132
4294967278,131
4294967278,130
4294967278,129
4294967278,128
4294967278,127
4294967278,126
4294967278,125
4294967278,124
4294967278,123
4294967278,122
4294967278,118
4294967278,116
4294967278,115
4294967278,114
4294967278,113
4294967278,112
4294967278,111
4294967278,107
4294967278,105
4294967278,104
4294967278,103
4294967278,102
4294967278,101
4294967278,96
4294967278,94
4294967278,92
4294967278,91
4294967278,85
4294967278,83
4294967278,82
4294967278,81
4294967278,80
4294967278,76
4294967278,74
4294967278,73
4294967278,72
4294967278,71
4294967278,67
4294967278,65
4294967278,64
4294967278,63
4294967278,62
4294967278,61
4294967278,58
4294967278,56
4294967278,55
4294967278,54
4294967278,50
4294967278,48
4294967278,47
4294967278,46
4294967278,45
4294967278,44
4294967278,40
4294967278,39
4294967278,38
4294967278,36
4294967278,35
4294967278,33
4294967278,32
4294967278,31
4294967278,28
4294967278,27
4294967278,26
4294967278,23
4294967278,22
4294967278,21
4294967278,20
4294967278,19
4294967278,18
4294967278,17
4294967278,16
4294967278,15
4294967278,14
4294967278,13
4294967278,12
4294967278,11
4294967278,10
4294967278,9
4294967278,8
4294967278,7
4294967278,6
4294967278,5
4294967278,4
4294967279,132
4294967279,131
4294967279,130
4294967279,129
4294967279,128
4294967279,127
4294967279,126
4294967279,125
4294967279,124
4294967279,123
4294967279,122
4294967279,119
4294967279,117
4294967279,116
4294967279,115
4294967279,114
4294967279,113
4294967279,111
4294967279,108
4294967279,106
4294967279,105
4294967279,104
4294967279,103
4294967279,100
4294967279,97
4294967279,95
4294967279,94
4294967279,92
4294967279,91
4294967279,90
4294967279,86
4294967279,84
4294967279,83
4294967279,82
4294967279,81
4294967279,80
4294967279,79
4294967279,78
4294967279,77
4294967279,75
4294967279,74
4294967279,73
4294967279,72
4294967279,71
4294967279,70
4294967279,69
4294967279,68
4294967279,67
4294967279,66
4294967279,65
4294967279,64
4294967279,63
4294967279,62
4294967279,61
4294967279,60
4294967279,59
4294967279,58
4294967279,57
4294967279,56
4294967279,55
4294967279,54
4294967279,53
4294967279,52
4294967279,51
4294967279,50
4294967279,49
4294967279,48
4294967279,47
4294967279,46
4294967279,157
4294967279,45
4294967279,44
4294967279,43
4294967279,42
4294967279,41
4294967279,40
4294967279,39
4294967279,38
4294967279,37
4294967279,36
4294967279,35
4294967279,34
4294967279,33
4294967279,32
4294967279,31
4294967279,30
4294967279,29
4294967279,28
4294967279,27
4294967279,26
4294967279,25
4294967279,24
4294967279,23
4294967279,22
4294967279,21
4294967279,20
4294967279,19
4294967279,18
4294967279,17
4294967279,16
4294967279,15
4294967279,14
4294967279,13
4294967279,12
4294967279,11
4294967279,10
4294967279,9
4294967279,8
4294967279,7
4294967279,6
4294967279,5
4294967279,4
4294967278,121
4294967278,251
4294967279,112
4294967279,306
4294967279,121
4294967278,120
4294967278,249
4294967279,305
4294967279,120
4294967278,119
4294967278,247
4294967279,246
4294967278,244
4294967294,170
4294967294,1004
4294967294,1001
4294967294,1009
4294967294,1095
4294967279,118
4294967279,244
4294967279,245
4294967278,117
4294967278,242
4294967278,243
4294967279,242
4294967278,240
13,55
13,54
13,31
13,53
13,52
13,51
13,50
13,49
13,41
13,48
13,47
13,39
13,46
13,45
13,44
13,43
13,42
13,40
13,30
13,38
13,37
13,36
13,35
13,34
13,33
13,32
13,24
13,22
13,29
13,28
13,27
13,26
13,25
13,18
13,23
13,17
13,21
13,20
13,19
13,13
13,16
13,5
13,15
13,14
13,12
13,6
13,11
13,10
13,9
13,8
13,7
4294967278,238
4294967279,238
4294967279,234
4294967278,237
4294967279,237
4294967278,236
13,4
4294967279,236
13,3
13,2
13,1
4294967279,235
4294967278,234
4294967278,110
4294967278,231
4294967294,114
4294967279,110
4294967279,231
4294967278,109
4294967278,229
4294967279,109
4294967279,229
4294967278,108
4294967278,227
4294967279,226
4294967278,224
4294967279,107
4294967279,224
4294967279,225
4294967278,106
4294967278,222
4294967278,223
4294967279,222
4294967278,220
4294967278,218
4294967279,218
4294967279,214
4294967278,216
12,5
4294967279,216
12,4
4294967278,214
